A = [2 3
    4 5];

b1 = [2 3 3];

A(1) = [];

A

b1
